{'A': array([[1., 0., 0., 0.],
       [0., 1., 0., 0.],
       [0., 0., 1., 0.],
       [0., 0., 0., 1.]]), 'M_TaiwanBear': array([[ 7.54979013e-08,  1.00000000e+00, -4.37113883e-08,
         0.00000000e+00],
       [ 0.00000000e+00, -4.37113883e-08, -1.00000000e+00,
         0.00000000e+00],
       [-1.00000000e+00,  7.54979013e-08, -3.30011808e-15,
         0.00000000e+00],
       [ 0.00000000e+00,  0.00000000e+00,  0.00000000e+00,
         1.00000000e+00]]), 'A_TaiwanBear': array([[ 7.54979013e-08,  1.00000000e+00, -4.37113883e-08,
         0.00000000e+00],
       [ 0.00000000e+00, -4.37113883e-08, -1.00000000e+00,
         0.00000000e+00],
       [-1.00000000e+00,  7.54979013e-08, -3.30011808e-15,
         0.00000000e+00],
       [ 0.00000000e+00,  0.00000000e+00,  0.00000000e+00,
         1.00000000e+00]]), 'M_RJoint_Back_Upper_XYZ_L': array([[ 1.00000000e+00,  0.00000000e+00,  0.00000000e+00,
         3.03273238e-02],
       [ 0.00000000e+00, -4.37113883e-08,  1.00000000e+00,
         4.50000018e-01],
       [ 0.00000000e+00, -1.00000000e+00, -4.37113883e-08,
        -2.34996349e-01],
       [ 0.00000000e+00,  0.00000000e+00,  0.00000000e+00,
         1.00000000e+00]]), 'A_RJoint_Back_Upper_XYZ_L': array([[ 7.54979013e-08,  0.00000000e+00,  1.00000000e+00,
         4.50000030e-01],
       [ 0.00000000e+00,  1.00000000e+00,  0.00000000e+00,
         2.34996329e-01],
       [-1.00000000e+00,  7.89264802e-25,  7.54979013e-08,
        -3.03272899e-02],
       [ 0.00000000e+00,  0.00000000e+00,  0.00000000e+00,
         1.00000000e+00]]), 'M_RJoint_Back_Lower_Z_L': array([[ 1.00000000e+00,  1.56324233e-14, -3.57627869e-07,
         6.86501205e-01],
       [-1.03696086e-43,  1.00000000e+00,  4.37114274e-08,
         2.46927142e-04],
       [ 3.57627869e-07, -4.37114274e-08,  1.00000000e+00,
         1.73060209e-01],
       [ 0.00000000e+00,  0.00000000e+00,  0.00000000e+00,
         1.00000000e+00]]), 'A_RJoint_Back_Lower_Z_L': array([[ 4.33125770e-07, -4.37114274e-08,  1.00000000e+00,
         6.23060291e-01],
       [-1.03696086e-43,  1.00000000e+00,  4.37114274e-08,
         2.35243256e-01],
       [-1.00000000e+00, -1.89325444e-14,  4.33125770e-07,
        -7.16828482e-01],
       [ 0.00000000e+00,  0.00000000e+00,  0.00000000e+00,
         1.00000000e+00]]), 'M_RJoint_Back_Ankle_Z_L': array([[ 1.00000000e+00,  5.21081286e-15, -1.19209290e-07,
         6.33785844e-01],
       [-5.21080778e-15,  1.00000000e+00,  3.19744129e-14,
         2.55887215e-07],
       [ 1.19209290e-07, -3.19744333e-14,  1.00000000e+00,
        -3.82612235e-08],
       [ 0.00000000e+00,  0.00000000e+00,  0.00000000e+00,
         1.00000000e+00]]), 'A_RJoint_Back_Ankle_Z_L': array([[ 5.52335059e-07, -4.37114593e-08,  1.00000000e+00,
         6.23060527e-01],
       [ 4.23516474e-22,  1.00000000e+00,  4.37114593e-08,
         2.35243512e-01],
       [-1.00000000e+00, -2.41433711e-14,  5.52335059e-07,
        -1.35061433e+00],
       [ 0.00000000e+00,  0.00000000e+00,  0.00000000e+00,
         1.00000000e+00]]), 'M_Effector_Back_L': array([[ 7.54978942e-08,  3.25841398e-07,  1.00000000e+00,
         2.41044506e-01],
       [ 1.77635565e-14, -1.00000000e+00,  3.25841370e-07,
        -1.31573126e-01],
       [ 1.00000000e+00, -5.89064659e-15, -7.54979084e-08,
        -3.75787815e-04],
       [ 0.00000000e+00,  0.00000000e+00,  0.00000000e+00,
         1.00000000e+00]]), 'A_Effector_Back_L': array([[ 1.00000000e+00,  4.37116334e-08,  4.76837137e-07,
         6.22684878e-01],
       [ 4.37114771e-08, -1.00000000e+00,  3.25841367e-07,
         1.03670386e-01],
       [ 4.76837165e-07, -3.25841374e-07, -1.00000000e+00,
        -1.59165883e+00],
       [ 0.00000000e+00,  0.00000000e+00,  0.00000000e+00,
         1.00000000e+00]]), 'M_RJoint_Back_Upper_XYZ_R': array([[ 1.00000000e+00, -1.32004732e-14,  0.00000000e+00,
         3.03272568e-02],
       [ 5.82335151e-22, -9.97385769e-07, -1.00000000e+00,
        -4.49999958e-01],
       [ 1.32004723e-14,  1.00000000e+00, -9.97385769e-07,
        -2.34996319e-01],
       [ 0.00000000e+00,  0.00000000e+00,  0.00000000e+00,
         1.00000000e+00]]), 'A_RJoint_Back_Upper_XYZ_R': array([[ 7.54979013e-08, -1.04109716e-06, -1.00000000e+00,
        -4.49999946e-01],
       [-1.32004723e-14, -1.00000000e+00,  1.04109716e-06,
         2.34996338e-01],
       [-1.00000000e+00, -6.54001772e-14, -7.54979013e-08,
        -3.03272907e-02],
       [ 0.00000000e+00,  0.00000000e+00,  0.00000000e+00,
         1.00000000e+00]]), 'M_RJoint_Back_Lower_Z_R': array([[ 1.00000000e+00, -6.81422014e-14, -6.35730188e-08,
         6.86500907e-01],
       [ 5.29852143e-14,  1.00000000e+00, -2.38418579e-07,
        -2.46919226e-04],
       [ 6.35730188e-08,  2.38418579e-07,  1.00000000e+00,
         1.73060268e-01],
       [ 0.00000000e+00,  0.00000000e+00,  0.00000000e+00,
         1.00000000e+00]]), 'A_RJoint_Back_Lower_Z_R': array([[ 1.19248824e-08, -1.27951574e-06, -1.00000000e+00,
        -6.23060162e-01],
       [ 2.59090024e-21, -1.00000000e+00,  1.27951574e-06,
         2.35243438e-01],
       [-1.00000000e+00, -1.52580781e-14, -1.19248824e-08,
        -7.16828211e-01],
       [ 0.00000000e+00,  0.00000000e+00,  0.00000000e+00,
         1.00000000e+00]]), 'M_RJoint_Back_Ankle_Z_R': array([[ 1.00000000e+00,  0.00000000e+00,  0.00000000e+00,
         6.33785605e-01],
       [ 1.57413937e-22,  1.00000000e+00,  2.38418579e-07,
        -2.16063469e-07],
       [ 0.00000000e+00, -2.38418579e-07,  1.00000000e+00,
         1.97894551e-07],
       [ 0.00000000e+00,  0.00000000e+00,  0.00000000e+00,
         1.00000000e+00]]), 'A_RJoint_Back_Ankle_Z_R': array([[ 1.19248824e-08, -1.04109716e-06, -1.00000000e+00,
        -6.23060352e-01],
       [ 2.43348630e-21, -1.00000000e+00,  1.04109716e-06,
         2.35243654e-01],
       [-1.00000000e+00, -1.24149646e-14, -1.19248824e-08,
        -1.35061382e+00],
       [ 0.00000000e+00,  0.00000000e+00,  0.00000000e+00,
         1.00000000e+00]]), 'M_Effector_Back_R': array([[-2.74193241e-07, -6.27832947e-07,  1.00000000e+00,
         2.41044521e-01],
       [-3.25605088e-21, -1.00000000e+00, -6.27832947e-07,
         1.31573007e-01],
       [ 1.00000000e+00, -1.21173674e-13,  2.74193241e-07,
        -3.75620759e-04],
       [ 0.00000000e+00,  0.00000000e+00,  0.00000000e+00,
         1.00000000e+00]]), 'A_Effector_Back_R': array([[-1.00000000e+00,  1.04109727e-06, -2.62267705e-07,
        -6.22684865e-01],
       [ 1.04109716e-06,  1.00000000e+00,  6.27833232e-07,
         1.03670647e-01],
       [ 2.62268358e-07,  6.27832959e-07, -1.00000000e+00,
        -1.59165834e+00],
       [ 0.00000000e+00,  0.00000000e+00,  0.00000000e+00,
         1.00000000e+00]]), 'M_RJoint_Torso_XYZ_C': array([[ 2.37000344e-14,  7.54979013e-08, -1.00000000e+00,
         7.90020823e-03],
       [ 3.57627869e-07,  1.00000000e+00,  7.54979013e-08,
         5.32126094e-08],
       [ 1.00000000e+00, -3.57627869e-07, -3.30011787e-15,
         8.90108943e-01],
       [ 0.00000000e+00,  0.00000000e+00,  0.00000000e+00,
         1.00000000e+00]]), 'A_RJoint_Torso_XYZ_C': array([[ 3.13916480e-07,  1.00000000e+00,  1.44252733e-22,
         1.49011609e-08],
       [-1.00000000e+00,  3.13916480e-07, -2.10968972e-22,
        -8.90108943e-01],
       [ 1.05879118e-21,  1.18021419e-21,  1.00000000e+00,
        -7.90020823e-03],
       [ 0.00000000e+00,  0.00000000e+00,  0.00000000e+00,
         1.00000000e+00]]), 'M_RJoint_Front_Upper_XYZ_L': array([[ 2.37000344e-14, -1.00000000e+00, -4.37113954e-08,
         6.49999976e-01],
       [ 7.54979013e-08, -4.37113954e-08,  1.00000000e+00,
         4.50000077e-01],
       [-1.00000000e+00, -2.70001527e-14,  7.54979013e-08,
        -2.24273223e-02],
       [ 0.00000000e+00,  0.00000000e+00,  0.00000000e+00,
         1.00000000e+00]]), 'A_RJoint_Front_Upper_XYZ_L': array([[ 7.54979013e-08, -3.57627876e-07,  1.00000000e+00,
         4.50000296e-01],
       [ 1.27054905e-21,  1.00000000e+00,  3.57627876e-07,
        -1.54010878e+00],
       [-1.00000000e+00, -2.70001537e-14,  7.54979013e-08,
        -3.03275306e-02],
       [ 0.00000000e+00,  0.00000000e+00,  0.00000000e+00,
         1.00000000e+00]]), 'M_RJoint_Front_Lower_Z_L': array([[ 1.00000000e+00,  1.69406589e-21,  0.00000000e+00,
         8.28384817e-01],
       [-2.49151885e-22,  1.00000000e+00,  4.37113670e-08,
         2.98319734e-04],
       [ 0.00000000e+00, -4.37113670e-08,  1.00000000e+00,
         5.41975908e-02],
       [ 0.00000000e+00,  0.00000000e+00,  0.00000000e+00,
         1.00000000e+00]]), 'A_RJoint_Front_Lower_Z_L': array([[ 7.54979013e-08, -4.01339243e-07,  1.00000000e+00,
         5.04197950e-01],
       [ 1.02139717e-21,  1.00000000e+00,  4.01339243e-07,
        -1.53981044e+00],
       [-1.00000000e+00, -3.03002719e-14,  7.54979013e-08,
        -8.58712343e-01],
       [ 0.00000000e+00,  0.00000000e+00,  0.00000000e+00,
         1.00000000e+00]]), 'M_RJoint_Front_Ankle_Z_L': array([[ 1.00000000e+00,  0.00000000e+00,  0.00000000e+00,
         5.52080870e-01],
       [-2.49151885e-22,  1.00000000e+00, -2.28760676e-21,
        -9.18277446e-03],
       [ 0.00000000e+00, -2.28760676e-21,  1.00000000e+00,
        -3.10951151e-07],
       [ 0.00000000e+00,  0.00000000e+00,  0.00000000e+00,
         1.00000000e+00]]), 'A_RJoint_Front_Ankle_Z_L': array([[ 7.54979013e-08, -4.01339243e-07,  1.00000000e+00,
         5.04197684e-01],
       [ 7.72245283e-22,  1.00000000e+00,  4.01339243e-07,
        -1.54899321e+00],
       [-1.00000000e+00, -3.03002719e-14,  7.54979013e-08,
        -1.41079321e+00],
       [ 0.00000000e+00,  0.00000000e+00,  0.00000000e+00,
         1.00000000e+00]]), 'M_Effector_Front_L': array([[ 1.50995817e-07,  8.02678585e-07,  1.00000000e+00,
         1.88444063e-01],
       [ 5.68434189e-14, -1.00000000e+00,  8.02678528e-07,
        -5.02078198e-02],
       [ 1.00000000e+00, -6.06005453e-14, -1.50995803e-07,
         7.08628912e-03],
       [ 0.00000000e+00,  0.00000000e+00,  0.00000000e+00,
         1.00000000e+00]]), 'A_Effector_Front_L': array([[ 1.00000000e+00,  4.01339243e-07, -7.54982234e-08,
         5.11284008e-01],
       [ 4.01339300e-07, -1.00000000e+00,  8.02678467e-07,
        -1.59920103e+00],
       [-7.54979155e-08, -8.02678555e-07, -1.00000000e+00,
        -1.59923728e+00],
       [ 0.00000000e+00,  0.00000000e+00,  0.00000000e+00,
         1.00000000e+00]]), 'M_RJoint_Front_Upper_XYZ_R': array([[ 3.69005058e-14,  1.00000000e+00,  7.54978942e-08,
         6.49999976e-01],
       [ 7.54979013e-08,  7.54978942e-08, -1.00000000e+00,
        -4.50000018e-01],
       [-1.00000000e+00,  4.26004413e-14, -7.54979013e-08,
        -2.24272553e-02],
       [ 0.00000000e+00,  0.00000000e+00,  0.00000000e+00,
         1.00000000e+00]]), 'A_RJoint_Front_Upper_XYZ_R': array([[ 7.54979013e-08,  3.89414375e-07, -1.00000000e+00,
        -4.49999799e-01],
       [-1.32004702e-14, -1.00000000e+00, -3.89414375e-07,
        -1.54010906e+00],
       [-1.00000000e+00,  4.26004423e-14, -7.54979013e-08,
        -3.03274635e-02],
       [ 0.00000000e+00,  0.00000000e+00,  0.00000000e+00,
         1.00000000e+00]]), 'M_RJoint_Front_Lower_Z_R': array([[ 1.00000000e+00,  2.27997332e-14, -6.35730188e-08,
         8.28384638e-01],
       [-3.79567220e-14,  1.00000000e+00, -2.38418565e-07,
        -2.98338768e-04],
       [ 6.35730188e-08,  2.38418565e-07,  1.00000000e+00,
         5.41979745e-02],
       [ 0.00000000e+00,  0.00000000e+00,  0.00000000e+00,
         1.00000000e+00]]), 'A_RJoint_Front_Lower_Z_R': array([[ 1.19248824e-08,  1.50995810e-07, -1.00000000e+00,
        -5.04197711e-01],
       [ 4.48290341e-21, -1.00000000e+00, -1.50995810e-07,
        -1.53981074e+00],
       [-1.00000000e+00,  1.80060783e-15, -1.19248824e-08,
        -8.58712105e-01],
       [ 0.00000000e+00,  0.00000000e+00,  0.00000000e+00,
         1.00000000e+00]]), 'M_RJoint_Front_Ankle_Z_R': array([[ 1.00000000e+00,  0.00000000e+00,  0.00000000e+00,
         5.52080870e-01],
       [ 4.55698723e-23,  1.00000000e+00, -2.14720239e-23,
         9.18309204e-03],
       [ 0.00000000e+00, -2.14720208e-23,  1.00000000e+00,
        -4.73081165e-08],
       [ 0.00000000e+00,  0.00000000e+00,  0.00000000e+00,
         1.00000000e+00]]), 'A_RJoint_Front_Ankle_Z_R': array([[ 1.19248824e-08,  1.50995810e-07, -1.00000000e+00,
        -5.04197656e-01],
       [ 4.43733354e-21, -1.00000000e+00, -1.50995810e-07,
        -1.54899383e+00],
       [-1.00000000e+00,  1.80060783e-15, -1.19248824e-08,
        -1.41079298e+00],
       [ 0.00000000e+00,  0.00000000e+00,  0.00000000e+00,
         1.00000000e+00]]), 'M_Effector_Front_R': array([[-8.74228405e-08, -6.27832947e-07,  1.00000000e+00,
         1.88443780e-01],
       [ 1.35942153e-22, -1.00000000e+00, -6.27832947e-07,
         5.02077751e-02],
       [ 1.00000000e+00, -6.43302550e-14,  8.74228334e-08,
         7.08623976e-03],
       [ 0.00000000e+00,  0.00000000e+00,  0.00000000e+00,
         1.00000000e+00]]), 'A_Effector_Front_R': array([[-1.00000000e+00, -1.50995753e-07, -7.54980458e-08,
        -5.11283886e-01],
       [-1.50995810e-07,  1.00000000e+00,  6.27832933e-07,
        -1.59920161e+00],
       [ 7.54979581e-08,  6.27832945e-07, -1.00000000e+00,
        -1.59923676e+00],
       [ 0.00000000e+00,  0.00000000e+00,  0.00000000e+00,
         1.00000000e+00]]), 'M_RJoint_Head_XYZ_C': array([[ 1.00000000e+00,  1.08907795e-29,  4.37113847e-08,
         1.04582846e+00],
       [ 6.30548523e-30,  1.00000000e+00,  7.54979013e-08,
         4.66495749e-08],
       [-4.37113847e-08, -7.54979013e-08,  1.00000000e+00,
         1.23838326e-02],
       [ 0.00000000e+00,  0.00000000e+00,  0.00000000e+00,
         1.00000000e+00]]), 'A_RJoint_Head_XYZ_C': array([[ 3.13916480e-07,  1.00000000e+00,  7.54979150e-08,
         3.89853526e-07],
       [-1.00000000e+00,  3.13916480e-07, -4.37113610e-08,
        -1.93593740e+00],
       [-4.37113847e-08, -7.54979013e-08,  1.00000000e+00,
         4.48362436e-03],
       [ 0.00000000e+00,  0.00000000e+00,  0.00000000e+00,
         1.00000000e+00]]), 'M_Effector_Head_C': array([[-4.37113634e-08, -1.19209290e-07,  1.00000000e+00,
         9.63569641e-01],
       [ 1.00000000e+00, -2.60379470e-14,  4.37113599e-08,
         4.21189235e-08],
       [ 1.98947372e-14,  1.00000000e+00,  1.19209290e-07,
        -4.49180841e-01],
       [ 0.00000000e+00,  0.00000000e+00,  0.00000000e+00,
         1.00000000e+00]]), 'A_Effector_Head_C': array([[ 1.00000000e+00,  7.54978515e-08,  3.57627849e-07,
         7.00540622e-07],
       [ 3.57627844e-07,  7.54979285e-08, -1.00000000e+00,
        -2.89950703e+00],
       [-7.54978795e-08,  1.00000000e+00,  7.54979015e-08,
        -4.44697259e-01],
       [ 0.00000000e+00,  0.00000000e+00,  0.00000000e+00,
         1.00000000e+00]])}